Bioinformatics_ID	no_miss_sites	percent_missing	no_sites_present	total_sites
CLP2570_LCA	677981	90.766	68970	746951
IRL57_LCA	714750	95.689	32201	746951
JA22541_Rspe_CMX	608785	81.503	138166	746951
JHT2264_LCA	544388	72.881	202563	746951
JHT2312_LCA	663484	88.826	83467	746951
JHT2329_LCA	586402	78.506	160549	746951
JHT2349_LCA	444346	59.488	302605	746951
JHT2350_LCA	490490	65.666	256461	746951
JHT2560_LCA	592810	79.364	154141	746951
JHT2561_LCA	505838	67.72	241113	746951
JHT2562_LCA	554543	74.241	192408	746951
JHT2760_LCA	643061	86.091	103890	746951
JHT2761_LCA	734689	98.358	12262	746951
JHT2812_LCA	535553	71.699	211398	746951
JHT2815_LCA	451367	60.428	295584	746951
JHT2955_LCA	387307	51.852	359644	746951
JHT2956_LCA	601665	80.549	145286	746951
JHT3719_LCA	733655	98.22	13296	746951
JHT3762_LCA	561781	75.21	185170	746951
JHT3827_LCA	736181	98.558	10770	746951
JHT3828_LCA	588130	78.737	158821	746951
JHT3829_LCA	540681	72.385	206270	746951
JHT3830_LCA	540716	72.39	206235	746951
KEN177_LCA	660836	88.471	86115	746951
LK2_LCA	621178	83.162	125773	746951
MG66_LCA	745526	99.809	1425	746951
MVZ143381_LCA	567960	76.037	178991	746951
MVZ263760_LCA	586533	78.524	160418	746951
MVZ263761_LCA	424418	56.82	322533	746951
MVZ263872_LCA	731065	97.873	15886	746951
MVZ263873_LCA	574756	76.947	172195	746951
MVZ264276_LCA	577582	77.325	169369	746951
MVZ264277_LCA	670634	89.783	76317	746951
MVZ264278_LCA	632235	84.642	114716	746951
MVZ265381_LCA	476244	63.758	270707	746951
MVZ265653_LCA	386539	51.749	360412	746951
MVZ269988_LCA	399922	53.541	347029	746951
MVZ3720_LCA	746460	99.934	491	746951
N1020_LCA	745843	99.852	1108	746951
N918_LCA	698994	93.58	47957	746951
N919_LCA	746807	99.981	144	746951
N997_LCA	746638	99.958	313	746951
Rber_T1113a_JA17105	578559	77.456	168392	746951
Rber_T1114_JA17105	691978	92.64	54973	746951
Rbla_D2864_JA17105	649635	86.972	97316	746951
Rbla_D2865_JA17105	669033	89.569	77918	746951
Rchi_T2034a_JA17105	682146	91.324	64805	746951
Rneo_T480_JA17105	599012	80.194	147939	746951
Rneo_T527_JA17105	599283	80.231	147668	746951
Rsph_T25870_JA17105	621131	83.156	125820	746951
Rsph_T26064_JA17105	617442	82.662	129509	746951
T105_Rber_CMX	548976	73.496	197975	746951
T11_CMX	677821	90.745	69130	746951
T1127_RTex_CMX	214051	28.657	532900	746951
T117_CMX	456460	61.11	290491	746951
T130_Rspe_CMX	745752	99.839	1199	746951
T131_Rspe_CMX	474314	63.5	272637	746951
T134_Rspe_CMX	650231	87.051	96720	746951
T135_Rspe_CMX	450945	60.371	296006	746951
T136_Rspe_CMX	547082	73.242	199869	746951
T137_Rspe_CMX	463752	62.086	283199	746951
T138_Rspe_CMX	366425	49.056	380526	746951
T139_Rspe_CMX	375920	50.327	371031	746951
T140_Rspe_CMX	460822	61.694	286129	746951
T141_Rspe_CMX	622949	83.399	124002	746951
T14178_Rber_CMX	460571	61.66	286380	746951
T14179_Rber_CMX	746901	99.993	50	746951
T14193_Rber_CMX	713347	95.501	33604	746951
T14194_CMX	511932	68.536	235019	746951
T14197_Rspe_CMX	597611	80.007	149340	746951
T14204_PAC	396005	53.016	350946	746951
T14224_PAC	402650	53.906	344301	746951
T14316_Rpip_OUT	665487	89.094	81464	746951
T14318_Rare_OUT	628582	84.153	118369	746951
T1952_Rspe_CMX	379390	50.792	367561	746951
T1987_Rspe_CMX	363508	48.666	383443	746951
T1989_Rspe_CMX	417583	55.905	329368	746951
T1991_Rspe_CMX	400029	53.555	346922	746951
T1995_CMX	331105	44.328	415846	746951
T1996_CMX	403273	53.989	343678	746951
T1997_Rspe_CMX	555692	74.395	191259	746951
T2002_CMX	347579	46.533	399372	746951
T2057_Rchi_OUT	588392	78.773	158559	746951
T208_CMX	587183	78.611	159768	746951
T209_CMX	401913	53.807	345038	746951
T2092_xochi_CMX	744600	99.685	2351	746951
T210_Atoy_CMX	607124	81.28	139827	746951
T2103_CMX	689730	92.339	57221	746951
T211_Rspe_CMX	458360	61.364	288591	746951
T281_PiedBl_CMX	587197	78.613	159754	746951
T294_Rber_CMX	314941	42.164	432010	746951
T3405_xochi_CMX	244268	32.702	502683	746951
T351_Rspe_CMX	545694	73.056	201257	746951
T3663_PAC	173627	23.245	573324	746951
T3683_PAC	464816	62.228	282135	746951
T3686_PAC	397550	53.223	349401	746951
T3688_PAC	687478	92.038	59473	746951
T3689_PAC	331532	44.385	415419	746951
T3691_PAC	746214	99.901	737	746951
T3693_PAC	372717	49.898	374234	746951
T3695_PAC	733872	98.249	13079	746951
T3698_PAC	701864	93.964	45087	746951
T3786_PAC	422983	56.628	323968	746951
T3791_CMX	721914	96.648	25037	746951
T3800_CMX	323715	43.338	423236	746951
T3805_CMX	506557	67.817	240394	746951
T3807_CMX	730780	97.835	16171	746951
T3809_PAC	710936	95.178	36015	746951
T3935_Rspe_CMX	746898	99.993	53	746951
T401_Rber_CMX	256392	34.325	490559	746951
T402_Rber_CMX	250259	33.504	496692	746951
T403_Rber_CMX	243315	32.574	503636	746951
T414_RTex_CMX	251876	33.721	495075	746951
T416_RTex_CMX	746764	99.975	187	746951
T417_Rspe_CMX	259321	34.717	487630	746951
T418_Rspe_CMX	260714	34.904	486237	746951
T419_Rspe_CMX	409336	54.801	337615	746951
T423_Rber_CMX	292423	39.149	454528	746951
T424_Rber_CMX	328792	44.018	418159	746951
T425_Rber_CMX	309955	41.496	436996	746951
T426_Rber_CMX	474367	63.507	272584	746951
T467_Rspe_CMX	214172	28.673	532779	746951
T472_Rneo_CMX	366023	49.002	380928	746951
T483_Rber_CMX	600068	80.336	146883	746951
T486_Rspe_CMX	185535	24.839	561416	746951
T501_Rneo_CMX	222470	29.784	524481	746951
T523_Rneo_CMX	208250	27.88	538701	746951
T528_Rspe_CMX	234551	31.401	512400	746951
T529_Rspe_CMX	236847	31.709	510104	746951
T534_Rneo_CMX	244156	32.687	502795	746951
T537_Rspe_CMX	422844	56.609	324107	746951
TF7101_Rspe_CMX	363486	48.663	383465	746951
TF7102_Rspe_CMX	318639	42.659	428312	746951
TF7103_Rspe_CMX	373395	49.989	373556	746951
TF7108_Rsie_RJO	716080	95.867	30871	746951
TF7131_Rsie_RJO	707512	94.72	39439	746951
TF7133_Rspe_CMX	357051	47.801	389900	746951
TF7134_Rspe_CMX	355529	47.597	391422	746951
TF7135_Rspe_CMX	397005	53.15	349946	746951
TF7136_Rspe_CMX	329845	44.159	417106	746951
TF7137_Rspe_CMX	232813	31.168	514138	746951
TF7138_Rspe_CMX	299163	40.051	447788	746951
TF7139_Rspe_CMX	277371	37.134	469580	746951
TF7140_Rspe_CMX	666388	89.214	80563	746951
TF7141_Rspe_CMX	467911	62.643	279040	746951
TF7142_Rspe_CMX	474271	63.494	272680	746951
TF8500_Rspe_CMX	529935	70.946	217016	746951
TF8501_Rspe_CMX	488043	65.338	258908	746951
TF8502_Rspe_CMX	350082	46.868	396869	746951
TF8503_Rspe_CMX	415277	55.596	331674	746951
TF8505_Rspe_CMX	311243	41.668	435708	746951
TF8509_Rspe_CMX	306789	41.072	440162	746951
TF8519_Rspe_CMX	271465	36.343	475486	746951
TF8536_Rber_CMX	247223	33.098	499728	746951
TF8549_Rber_CMX	245001	32.8	501950	746951
TF8554_Rber_CMX	231024	30.929	515927	746951
TF8560_Rber_CMX	264391	35.396	482560	746951
TF8561_Rber_CMX	203528	27.248	543423	746951
TF8572_Rber_CMX	222909	29.843	524042	746951
TF8581_Rber_CMX	284960	38.15	461991	746951
TF8588_Rber_CMX	268988	36.011	477963	746951
TF8590_Rber_CMX	282303	37.794	464648	746951
TF8597_Rber_CMX	263771	35.313	483180	746951
TF8599_Rber_CMX	367568	49.209	379383	746951
TF8601_Rber_CMX	495858	66.384	251093	746951
TF8607_Rber_CMX	386005	51.677	360946	746951
TF8613_Rber_CMX	319414	42.762	427537	746951
TF8635_Rspe_CMX	529620	70.904	217331	746951
TF8636_Rspe_CMX	269859	36.128	477092	746951
TF8637_Rspe_CMX	386615	51.759	360336	746951
TF8638_Rspe_CMX	377820	50.582	369131	746951
TF8639_Rspe_CMX	315985	42.303	430966	746951
TF8640_Rspe_CMX	239077	32.007	507874	746951
TF8641_Rspe_CMX	261585	35.02	485366	746951
TF8642_Rspe_CMX	465738	62.352	281213	746951
TF8643_Rspe_CMX	532499	71.29	214452	746951
TF8644_Rspe_CMX	525262	70.321	221689	746951
TF8645_Rspe_CMX	461019	61.72	285932	746951
TF8646_Rspe_CMX	277393	37.137	469558	746951
TF8647_Rspe_CMX	522755	69.985	224196	746951
TF8648_Rspe_CMX	472386	63.242	274565	746951
TF8649_Rspe_CMX	493042	66.007	253909	746951
TF8650_Rspe_CMX	450993	60.378	295958	746951
TF8651_Rspe_CMX	310541	41.574	436410	746951
TF8652_Rspe_CMX	355456	47.588	391495	746951
TF8653_Rspe_CMX	320307	42.882	426644	746951
TF8674_Rspe_CMX	194287	26.011	552664	746951
TF8675_Rspe_CMX	223810	29.963	523141	746951
TF8676_Rspe_CMX	337887	45.235	409064	746951
TF8677_Rspe_CMX	746731	99.971	220	746951
TF8678_Rspe_CMX	286504	38.356	460447	746951
TF8679_Rspe_CMX	746748	99.973	203	746951
TF8680_Rspe_CMX	185942	24.893	561009	746951
TF8681_Rspe_CMX	323113	43.258	423838	746951
TF8682_Rspe_CMX	219591	29.398	527360	746951
TF8683_Rspe_CMX	190125	25.453	556826	746951
TF8684_Rspe_CMX	182772	24.469	564179	746951
TF8685_Rspe_CMX	216786	29.023	530165	746951
TF8686_Rspe_CMX	381217	51.036	365734	746951
TF8687_Rspe_CMX	241082	32.275	505869	746951
TF8688_Rspe_CMX	234873	31.444	512078	746951
TF8689_Rspe_CMX	277731	37.182	469220	746951
TF8690_Rspe_CMX	218938	29.311	528013	746951
TF8691_Rspe_CMX	189638	25.388	557313	746951
TF8692_Rspe_CMX	199044	26.648	547907	746951
TF8694_Rspe_CMX	227950	30.517	519001	746951
TF8695_Rspe_CMX	402470	53.882	344481	746951
TF8696_Rspe_CMX	252949	33.864	494002	746951
TF8697_Rspe_CMX	203763	27.279	543188	746951
TF8698_Rspe_CMX	260550	34.882	486401	746951
TF8699_Rspe_CMX	238771	31.966	508180	746951
UTA56347_Rspe_CMX	634082	84.889	112869	746951