Bioinformatics_ID	baseA	baseC	baseG	baseT	no_sites
CLP2570_LCA	0.18332	0.31764	0.31986	0.17917	68970
IRL57_LCA	0.19541	0.30953	0.30219	0.19288	32201
JA22541_Rspe_CMX	0.18147	0.32302	0.32252	0.17299	138166
JHT2264_LCA	0.1799	0.32232	0.32474	0.17304	202563
JHT2312_LCA	0.17697	0.32429	0.32702	0.17173	83467
JHT2329_LCA	0.17408	0.32867	0.32897	0.16828	160549
JHT2349_LCA	0.17511	0.32707	0.32911	0.16871	302605
JHT2350_LCA	0.17612	0.32639	0.32801	0.16948	256461
JHT2560_LCA	0.17668	0.32555	0.32793	0.16984	154141
JHT2561_LCA	0.17462	0.32684	0.32953	0.169	241113
JHT2562_LCA	0.17722	0.32378	0.329	0.17	192408
JHT2760_LCA	0.16632	0.3355	0.33846	0.15972	103890
JHT2761_LCA	0.17023	0.33784	0.33548	0.15646	12262
JHT2812_LCA	0.17664	0.32522	0.32666	0.17149	211398
JHT2815_LCA	0.17669	0.32478	0.3288	0.16974	295584
JHT2955_LCA	0.17614	0.32621	0.32906	0.16859	359644
JHT2956_LCA	0.17195	0.32952	0.33389	0.16464	145286
JHT3719_LCA	0.1711	0.33293	0.3354	0.16056	13296
JHT3762_LCA	0.17141	0.33113	0.33467	0.16279	185170
JHT3827_LCA	0.16698	0.33537	0.33043	0.16723	10770
JHT3828_LCA	0.17086	0.33193	0.33573	0.16148	158821
JHT3829_LCA	0.17209	0.3306	0.33429	0.16302	206270
JHT3830_LCA	0.1697	0.3331	0.33642	0.16079	206235
KEN177_LCA	0.17183	0.33052	0.33324	0.16441	86115
LK2_LCA	0.1714	0.33052	0.33419	0.16389	125773
MG66_LCA	0.18677	0.31475	0.32211	0.17637	1425
MVZ143381_LCA	0.16879	0.33212	0.33723	0.16187	178991
MVZ263760_LCA	0.17189	0.32894	0.33521	0.16396	160418
MVZ263761_LCA	0.17263	0.32996	0.33323	0.16419	322533
MVZ263872_LCA	0.17494	0.3203	0.33298	0.17178	15886
MVZ263873_LCA	0.17188	0.32833	0.33301	0.16677	172195
MVZ264276_LCA	0.17512	0.32688	0.33003	0.16797	169369
MVZ264277_LCA	0.1693	0.33057	0.34022	0.15991	76317
MVZ264278_LCA	0.17171	0.32959	0.33316	0.16554	114716
MVZ265381_LCA	0.17258	0.32865	0.33261	0.16616	270707
MVZ265653_LCA	0.16979	0.33309	0.33621	0.16091	360412
MVZ269988_LCA	0.16976	0.33219	0.33662	0.16144	347029
MVZ3720_LCA	0.1814	0.33131	0.32776	0.15952	491
N1020_LCA	0.17543	0.31375	0.33296	0.17785	1108
N918_LCA	0.17788	0.32453	0.32727	0.17032	47957
N919_LCA	0.15972	0.29167	0.3125	0.23611	144
N997_LCA	0.17358	0.35038	0.32268	0.15335	313
Rber_T1113a_JA17105	0.18124	0.32387	0.32029	0.17461	168392
Rber_T1114_JA17105	0.1846	0.31921	0.31761	0.17857	54973
Rbla_D2864_JA17105	0.18514	0.31764	0.31653	0.18069	97316
Rbla_D2865_JA17105	0.18461	0.31726	0.31844	0.17969	77918
Rchi_T2034a_JA17105	0.1903	0.30739	0.31912	0.18319	64805
Rneo_T480_JA17105	0.1834	0.32169	0.31834	0.17657	147939
Rneo_T527_JA17105	0.18242	0.32127	0.31815	0.17817	147668
Rsph_T25870_JA17105	0.18669	0.31616	0.31853	0.17862	125820
Rsph_T26064_JA17105	0.18682	0.31662	0.31731	0.17925	129509
T105_Rber_CMX	0.17819	0.32283	0.3251	0.17388	197975
T11_CMX	0.1739	0.32631	0.32919	0.1706	69130
T1127_RTex_CMX	0.17899	0.32439	0.32528	0.17134	532900
T117_CMX	0.17497	0.32761	0.3296	0.16782	290491
T130_Rspe_CMX	0.19949	0.31594	0.31462	0.16995	1199
T131_Rspe_CMX	0.17683	0.32621	0.32793	0.16903	272637
T134_Rspe_CMX	0.17434	0.32706	0.32822	0.17038	96720
T135_Rspe_CMX	0.17623	0.32698	0.32884	0.16795	296006
T136_Rspe_CMX	0.1776	0.32591	0.32753	0.16896	199869
T137_Rspe_CMX	0.17604	0.32715	0.32916	0.16765	283199
T138_Rspe_CMX	0.17556	0.32737	0.33006	0.167	380526
T139_Rspe_CMX	0.17493	0.32808	0.3306	0.16639	371031
T140_Rspe_CMX	0.17391	0.32801	0.33178	0.1663	286129
T141_Rspe_CMX	0.17291	0.32783	0.33239	0.16687	124002
T14178_Rber_CMX	0.17922	0.32491	0.32465	0.17121	286380
T14179_Rber_CMX	0.22	0.31304	0.3	0.16696	50
T14193_Rber_CMX	0.17145	0.33287	0.33745	0.15822	33604
T14194_CMX	0.16619	0.33636	0.34112	0.15633	235019
T14197_Rspe_CMX	0.17022	0.33305	0.33727	0.15946	149340
T14204_PAC	0.17849	0.32416	0.32686	0.17048	350946
T14224_PAC	0.17814	0.32406	0.32657	0.17123	344301
T14316_Rpip_OUT	0.18512	0.31665	0.31815	0.18009	81464
T14318_Rare_OUT	0.18469	0.31703	0.31644	0.18183	118369
T1952_Rspe_CMX	0.18008	0.32365	0.32389	0.17238	367561
T1987_Rspe_CMX	0.17731	0.32622	0.32685	0.16961	383443
T1989_Rspe_CMX	0.18019	0.32156	0.32447	0.17378	329368
T1991_Rspe_CMX	0.17974	0.32319	0.32395	0.17312	346922
T1995_CMX	0.18035	0.32172	0.32324	0.17469	415846
T1996_CMX	0.1801	0.32306	0.32363	0.1732	343678
T1997_Rspe_CMX	0.18057	0.32368	0.3228	0.17295	191259
T2002_CMX	0.18084	0.32328	0.32315	0.17273	399372
T2057_Rchi_OUT	0.18636	0.31562	0.3173	0.18073	158559
T208_CMX	0.17625	0.32755	0.32851	0.16769	159768
T209_CMX	0.17403	0.32891	0.33093	0.16614	345038
T2092_xochi_CMX	0.17551	0.31842	0.31409	0.19198	2351
T210_Atoy_CMX	0.17383	0.32989	0.33144	0.16484	139827
T2103_CMX	0.19373	0.31031	0.30872	0.18724	57221
T211_Rspe_CMX	0.18134	0.32063	0.32357	0.17446	288591
T281_PiedBl_CMX	0.1802	0.32374	0.32408	0.17198	159754
T294_Rber_CMX	0.17887	0.32424	0.3264	0.17049	432010
T3405_xochi_CMX	0.1805	0.32282	0.32386	0.17282	502683
T351_Rspe_CMX	0.17094	0.33244	0.33474	0.16189	201257
T3663_PAC	0.17838	0.32485	0.32585	0.17092	573324
T3683_PAC	0.17931	0.32364	0.32501	0.17203	282135
T3686_PAC	0.18029	0.32184	0.32441	0.17345	349401
T3688_PAC	0.1724	0.3291	0.33318	0.16532	59473
T3689_PAC	0.17961	0.32333	0.32458	0.17248	415419
T3691_PAC	0.19666	0.28074	0.348	0.17461	737
T3693_PAC	0.18017	0.32358	0.32353	0.17272	374234
T3695_PAC	0.18754	0.3161	0.32172	0.17465	13079
T3698_PAC	0.18173	0.32409	0.32181	0.17237	45087
T3786_PAC	0.17929	0.32477	0.32421	0.17172	323968
T3791_CMX	0.17348	0.32733	0.3359	0.16329	25037
T3800_CMX	0.18052	0.32283	0.32368	0.17297	423236
T3805_CMX	0.17737	0.32624	0.3259	0.17049	240394
T3807_CMX	0.1744	0.3197	0.33935	0.16655	16171
T3809_PAC	0.19203	0.30724	0.31479	0.18593	36015
T3935_Rspe_CMX	0.28302	0.20755	0.32075	0.18868	53
T401_Rber_CMX	0.17912	0.32377	0.32595	0.17116	490559
T402_Rber_CMX	0.17908	0.32419	0.32554	0.17119	496692
T403_Rber_CMX	0.1779	0.32504	0.32655	0.17051	503636
T414_RTex_CMX	0.17877	0.32416	0.32558	0.1715	495075
T416_RTex_CMX	0.22995	0.34027	0.22995	0.19984	187
T417_Rspe_CMX	0.18128	0.3223	0.32369	0.17273	487630
T418_Rspe_CMX	0.18123	0.32328	0.32261	0.17288	486237
T419_Rspe_CMX	0.18043	0.32222	0.32219	0.17516	337615
T423_Rber_CMX	0.17863	0.32438	0.32567	0.17132	454528
T424_Rber_CMX	0.1785	0.32448	0.32634	0.17068	418159
T425_Rber_CMX	0.17763	0.32565	0.32641	0.1703	436996
T426_Rber_CMX	0.17645	0.32752	0.32828	0.16775	272584
T467_Rspe_CMX	0.18048	0.32294	0.32381	0.17278	532779
T472_Rneo_CMX	0.18134	0.32087	0.32333	0.17446	380928
T483_Rber_CMX	0.18148	0.32258	0.32361	0.17233	146883
T486_Rspe_CMX	0.1804	0.32342	0.32424	0.17194	561416
T501_Rneo_CMX	0.18066	0.32269	0.32354	0.17311	524481
T523_Rneo_CMX	0.18069	0.32278	0.32322	0.17331	538701
T528_Rspe_CMX	0.18066	0.32325	0.32394	0.17215	512400
T529_Rspe_CMX	0.18115	0.32257	0.32312	0.17316	510104
T534_Rneo_CMX	0.18069	0.32273	0.32298	0.1736	502795
T537_Rspe_CMX	0.17997	0.32353	0.3251	0.17139	324107
TF7101_Rspe_CMX	0.18141	0.32205	0.32314	0.17341	383465
TF7102_Rspe_CMX	0.18101	0.3221	0.32364	0.17325	428312
TF7103_Rspe_CMX	0.182	0.32189	0.32325	0.17286	373556
TF7108_Rsie_RJO	0.20829	0.29835	0.29641	0.19695	30871
TF7131_Rsie_RJO	0.20493	0.29711	0.29902	0.19894	39439
TF7133_Rspe_CMX	0.18264	0.32037	0.32258	0.17441	389900
TF7134_Rspe_CMX	0.18176	0.32131	0.32214	0.17479	391422
TF7135_Rspe_CMX	0.18388	0.3196	0.32145	0.17507	349946
TF7136_Rspe_CMX	0.18257	0.31958	0.32258	0.17527	417106
TF7137_Rspe_CMX	0.18203	0.32189	0.32323	0.17285	514138
TF7138_Rspe_CMX	0.18246	0.32096	0.32296	0.17362	447788
TF7139_Rspe_CMX	0.18165	0.3214	0.32357	0.17338	469580
TF7140_Rspe_CMX	0.18246	0.31954	0.32357	0.17442	80563
TF7141_Rspe_CMX	0.18282	0.31863	0.32321	0.17534	279040
TF7142_Rspe_CMX	0.18262	0.31968	0.32195	0.17576	272680
TF8500_Rspe_CMX	0.18445	0.31982	0.32081	0.17493	217016
TF8501_Rspe_CMX	0.18365	0.31986	0.32067	0.17581	258908
TF8502_Rspe_CMX	0.18281	0.32081	0.32116	0.17523	396869
TF8503_Rspe_CMX	0.18342	0.32015	0.32053	0.1759	331674
TF8505_Rspe_CMX	0.18309	0.31995	0.32219	0.17477	435708
TF8509_Rspe_CMX	0.18269	0.3216	0.32082	0.17489	440162
TF8519_Rspe_CMX	0.18174	0.32265	0.32214	0.17346	475486
TF8536_Rber_CMX	0.17879	0.32482	0.32485	0.17154	499728
TF8549_Rber_CMX	0.17911	0.32438	0.32531	0.1712	501950
TF8554_Rber_CMX	0.17817	0.32514	0.32521	0.17148	515927
TF8560_Rber_CMX	0.1793	0.32411	0.32501	0.17159	482560
TF8561_Rber_CMX	0.17926	0.32399	0.3254	0.17135	543423
TF8572_Rber_CMX	0.17821	0.3248	0.32609	0.1709	524042
TF8581_Rber_CMX	0.17852	0.32476	0.32483	0.17189	461991
TF8588_Rber_CMX	0.17852	0.32491	0.32547	0.1711	477963
TF8590_Rber_CMX	0.17875	0.32493	0.32492	0.17139	464648
TF8597_Rber_CMX	0.17874	0.32562	0.32507	0.17057	483180
TF8599_Rber_CMX	0.17959	0.32374	0.32466	0.17201	379383
TF8601_Rber_CMX	0.17924	0.32351	0.32565	0.1716	251093
TF8607_Rber_CMX	0.17825	0.32373	0.32593	0.17209	360946
TF8613_Rber_CMX	0.17826	0.32518	0.32576	0.1708	427537
TF8635_Rspe_CMX	0.17918	0.32091	0.32657	0.17334	217331
TF8636_Rspe_CMX	0.179	0.32312	0.32577	0.17211	477092
TF8637_Rspe_CMX	0.18424	0.31831	0.31984	0.17761	360336
TF8638_Rspe_CMX	0.17955	0.32471	0.32399	0.17175	369131
TF8639_Rspe_CMX	0.17923	0.324	0.32513	0.17164	430966
TF8640_Rspe_CMX	0.17914	0.32443	0.32512	0.17131	507874
TF8641_Rspe_CMX	0.17888	0.32387	0.32564	0.17161	485366
TF8642_Rspe_CMX	0.17895	0.32462	0.32423	0.1722	281213
TF8643_Rspe_CMX	0.17944	0.32318	0.32348	0.1739	214452
TF8644_Rspe_CMX	0.18448	0.31788	0.32015	0.17748	221689
TF8645_Rspe_CMX	0.17951	0.32387	0.32422	0.17239	285932
TF8646_Rspe_CMX	0.17902	0.32493	0.32447	0.17158	469558
TF8647_Rspe_CMX	0.18322	0.31784	0.32129	0.17764	224196
TF8648_Rspe_CMX	0.18252	0.32014	0.32052	0.17682	274565
TF8649_Rspe_CMX	0.18329	0.31833	0.32093	0.17746	253909
TF8650_Rspe_CMX	0.1832	0.3188	0.31956	0.17845	295958
TF8651_Rspe_CMX	0.18271	0.31919	0.32132	0.17678	436410
TF8652_Rspe_CMX	0.1832	0.31914	0.32094	0.17672	391495
TF8653_Rspe_CMX	0.18311	0.31953	0.32123	0.17614	426644
TF8674_Rspe_CMX	0.18048	0.32343	0.32417	0.17192	552664
TF8675_Rspe_CMX	0.18083	0.32293	0.32374	0.1725	523141
TF8676_Rspe_CMX	0.18086	0.32374	0.32352	0.17188	409064
TF8677_Rspe_CMX	0.19749	0.32079	0.24347	0.23825	220
TF8678_Rspe_CMX	0.18024	0.32304	0.32479	0.17194	460447
TF8679_Rspe_CMX	0.19637	0.31591	0.25906	0.22867	203
TF8680_Rspe_CMX	0.18048	0.32331	0.32376	0.17245	561009
TF8681_Rspe_CMX	0.18066	0.3232	0.32346	0.17268	423838
TF8682_Rspe_CMX	0.18088	0.32316	0.32402	0.17194	527360
TF8683_Rspe_CMX	0.18079	0.32264	0.32402	0.17255	556826
TF8684_Rspe_CMX	0.18048	0.3234	0.32418	0.17194	564179
TF8685_Rspe_CMX	0.18057	0.32321	0.32478	0.17144	530165
TF8686_Rspe_CMX	0.18086	0.323	0.32371	0.17242	365734
TF8687_Rspe_CMX	0.18047	0.32301	0.32472	0.1718	505869
TF8688_Rspe_CMX	0.18067	0.32279	0.32419	0.17234	512078
TF8689_Rspe_CMX	0.18011	0.32349	0.32402	0.17238	469220
TF8690_Rspe_CMX	0.18046	0.32347	0.32416	0.17191	528013
TF8691_Rspe_CMX	0.1805	0.32305	0.32497	0.17148	557313
TF8692_Rspe_CMX	0.18039	0.32344	0.32422	0.17194	547907
TF8694_Rspe_CMX	0.18077	0.32304	0.32376	0.17243	519001
TF8695_Rspe_CMX	0.18103	0.32247	0.32383	0.17266	344481
TF8696_Rspe_CMX	0.18121	0.32196	0.32383	0.17299	494002
TF8697_Rspe_CMX	0.18101	0.3223	0.32381	0.17288	543188
TF8698_Rspe_CMX	0.1812	0.32279	0.32377	0.17224	486401
TF8699_Rspe_CMX	0.18089	0.32306	0.32345	0.1726	508180
UTA56347_Rspe_CMX	0.17987	0.32449	0.32256	0.17308	112869