Bioinformatics_ID	order_maxK	original_order	custom_order
T14199_PAC	1	6	1
TF8637_Rspe_CMX	2	92	2
TF8644_Rspe_CMX	3	99	3
TF8647_Rspe_CMX	4	102	4
TF8648_Rspe_CMX	5	103	5
TF8649_Rspe_CMX	6	104	6
TF8650_Rspe_CMX	7	105	7
TF8651_Rspe_CMX	8	106	8
TF8652_Rspe_CMX	9	107	9
TF8653_Rspe_CMX	10	108	10
V2685_Rfor_PAC	11	173	11
V2687_Rfor_PAC	12	175	12
V2688_Rfor_PAC	13	176	13
V2689_Rfor_PAC	14	177	14
V2691_Rfor_PAC	15	178	15
V2695_Rfor_PAC	18	181	16
V2699_Rfor_PAC	21	184	17
V2700_Rfor_PAC	22	185	18
V2686_Rfor_PAC	27	174	19
V2692_Rfor_PAC	16	179	20
V2693_Rfor_PAC	17	180	21
V2696_Rfor_PAC	19	182	22
V2697_Rfor_PAC	20	183	23
V2701_Rfor_PAC	23	186	24
V2702_Rfor_PAC	24	187	25
V2706_Rfor_PAC	25	188	26
V2708_Rfor_PAC	26	190	27
V2707_Rfor_PAC	28	189	28
T1963_arcelia_PAC	115	18	29
T1964_arcelia_PAC	117	19	30
V2602_pap_PAC	29	149	31
V2598_pap_PAC	30	146	32
V2599_pap_PAC	31	147	33
V2600_pap_PAC	32	148	34
V2595_Rfor_PAC	33	144	35
V2594_Rfor_PAC	34	143	36
T14192_papa_PAC	35	4	37
UTA60803_Rfor_PAC	36	132	38
JA24801_PAC	118	2	39
T3430_PAC	73	30	40
T4029_bals_PAC	75	60	41
V1311_PAC	78	135	42
V1312_PAC	79	136	43
V2717_PAC	85	191	44
V2718_PAC	86	192	45
V2719_PAC	87	193	46
V2720_PAC	88	194	47
V2721_PAC	89	195	48
V2722_PAC	90	196	49
V2723_PAC	91	197	50
V2725_PAC	92	199	51
V2726_PAC	93	200	52
V2727_PAC	94	201	53
V2728_PAC	95	202	54
V2729_PAC	96	203	55
V2730_PAC	97	204	56
V2724_PAC	112	198	57
T3437_PAC	74	31	58
V2833_PAC	103	227	59
V2906_PAC	104	228	60
V11_PAC	76	133	61
V12_PAC	77	134	62
V13_PAC	80	137	63
V14_PAC	81	138	64
V15_PAC	82	139	65
V16_PAC	83	140	66
V1_PAC	84	141	67
V2794_PAC	98	218	68
V2798_PAC	99	222	69
V2800_PAC	100	224	70
V2_PAC	105	230	71
V3_PAC	106	240	72
V4_PAC	107	241	73
V5_PAC	108	242	74
V6_PAC	109	243	75
V8_PAC	110	245	76
V7_PAC	111	244	77
V2799_PAC	113	223	78
V2831_PAC	101	225	79
V2832_PAC	102	226	80
V2797_PAC	114	221	81
T2059_Rfor_PAC	72	25	82
T14198_PAC	37	5	83
T14236_Romi_CMX	38	10	84
T1957_papa_PAC	39	13	85
T1958_papa_PAC	40	14	86
T1959_papa_PAC	41	15	87
T1960_papa_PAC	42	16	88
T1965_papa_PAC	43	20	89
T513_Romi_CMX	44	64	90
V2593_pap_PAC	45	142	91
V2603_pap_PAC	46	150	92
V2605_pap_PAC	47	151	93
V2606_pap_PAC	48	152	94
V2645_pap_PAC	49	153	95
V2646_pap_PAC	50	154	96
V2648_pap_PAC	51	155	97
V2649_pap_PAC	52	156	98
V2650_pap_PAC	53	157	99
V2651_pap_PAC	54	158	100
V2654_pap_PAC	55	159	101
V2657_pap_PAC	56	161	102
V2658_pap_PAC	57	162	103
V2659_pap_PAC	58	163	104
V2660_pap_PAC	59	164	105
V2661_pap_PAC	60	165	106
V2662_pap_PAC	61	166	107
V2663_pap_PAC	62	167	108
V2664_pap_PAC	63	168	109
V2665_pap_PAC	64	169	110
V2666_pap_PAC	65	170	111
V2669_pap_PAC	66	171	112
V2670_pap_PAC	67	172	113
V2655_pap_PAC	68	160	114
V2596_pap_PAC	69	145	115
T14203_Romi_CMX	70	7	116
T1961_papa_PAC	71	17	117
TF7120_Rfor_PAC	119	70	118
TF7121_Rfor_PAC	120	71	119
TF7122_Rfor_PAC	121	72	120
TF7123_Rfor_PAC	122	73	121
TF7124_Rfor_PAC	123	74	122
TF7125_Rfor_PAC	124	75	123
TF7127_Rfor_PAC	125	77	124
TF7128_Rfor_PAC	126	78	125
TF7129_Rfor_PAC	127	79	126
V3072_PAC	128	231	127
V3074_PAC	129	232	128
V3076_PAC	130	233	129
V3078_PAC	131	235	130
V3079_PAC	132	236	131
V3081_PAC	133	238	132
V3082_PAC	134	239	133
TF7126_Rfor_PAC	135	76	134
V3080_PAC	136	237	135
V3077_PAC	137	234	136
T351_Rspe_CMX	138	34	137
TF7101_Rspe_CMX	143	67	138
TF7102_Rspe_CMX	144	68	139
TF7103_Rspe_CMX	145	69	140
TF7133_Rspe_CMX	146	80	141
TF7134_Rspe_CMX	147	81	142
TF7136_Rspe_CMX	148	83	143
TF7141_Rspe_CMX	152	88	144
TF7142_Rspe_CMX	153	89	145
TF8674_Rspe_CMX	154	109	146
TF8676_Rspe_CMX	155	111	147
TF8678_Rspe_CMX	156	112	148
TF8680_Rspe_CMX	157	113	149
TF8681_Rspe_CMX	158	114	150
TF8682_Rspe_CMX	159	115	151
TF8683_Rspe_CMX	160	116	152
TF8695_Rspe_CMX	170	127	153
TF8696_Rspe_CMX	171	128	154
TF8697_Rspe_CMX	172	129	155
TF8698_Rspe_CMX	173	130	156
TF8699_Rspe_CMX	174	131	157
TF8675_Rspe_CMX	176	110	158
TF8685_Rspe_CMX	162	118	159
T467_Rspe_CMX	139	62	160
T486_Rspe_CMX	140	63	161
T528_Rspe_CMX	141	65	162
T537_Rspe_CMX	142	66	163
TF7137_Rspe_CMX	149	84	164
TF7139_Rspe_CMX	150	86	165
TF7140_Rspe_CMX	151	87	166
TF8684_Rspe_CMX	161	117	167
TF8686_Rspe_CMX	163	119	168
TF8688_Rspe_CMX	164	121	169
TF8689_Rspe_CMX	165	122	170
TF8690_Rspe_CMX	166	123	171
TF8691_Rspe_CMX	167	124	172
TF8692_Rspe_CMX	168	125	173
TF8694_Rspe_CMX	169	126	174
TF7138_Rspe_CMX	175	85	175
TF7135_Rspe_CMX	177	82	176
TF8687_Rspe_CMX	178	120	177
JA22541_Rspe_CMX	179	1	178
T14298_Ryav_OUT	180	11	179
T14438_OUT	181	12	180
T3447_yava_OUT	186	32	181
T3449_yava_OUT	187	33	182
T2072_Rmag_CMX	182	26	183
V2761_PAC	188	207	184
V2763_PAC	189	208	185
V2764_PAC	190	209	186
V2779_PAC	191	211	187
V2780_PAC	192	212	188
V2790_PAC	193	214	189
V2791_PAC	194	215	190
V2793_PAC	195	217	191
V2795_PAC	196	219	192
V2796_PAC	197	220	193
V2792_PAC	198	216	194
V2778_PAC	199	210	195
T282_Atoy_CMX	183	27	196
T283_Atoy_CMX	184	28	197
T290_Atoy_CMX	185	29	198
V2786_PAC	116	213	199
T2025_PAC	200	24	200
T2022_Aten_PAC	201	22	201
T2020_Aten_PAC	202	21	202
T2024_PAC	203	23	203
T3618_PAC	208	37	204
T3629_PAC	209	38	205
T3661_PAC	210	39	206
T3670_PAC	212	41	207
T3678_CMX	213	42	208
T3689_PAC	215	47	209
T3695_PAC	217	49	210
T3776_CMX	219	51	211
T3791_CMX	223	55	212
V2921_PAC	239	229	213
T14182_PAC	243	3	214
T3681_CMX	245	43	215
T14204_PAC	204	8	216
T14224_PAC	205	9	217
T3663_PAC	211	40	218
T3688_PAC	214	46	219
T3693_PAC	216	48	220
T3698_PAC	218	50	221
T3786_PAC	222	54	222
T3800_CMX	224	56	223
T3809_PAC	225	59	224
T3807_CMX	237	58	225
T3686_PAC	238	45	226
T3683_PAC	240	44	227
T3805_CMX	241	57	228
T3611_PAC	206	35	229
T3616_PAC	207	36	230
T3778_PAC	220	52	231
T3782_PAC	221	53	232
T403_Rber_CMX	226	61	233
TF8635_Rspe_CMX	227	90	234
TF8636_Rspe_CMX	228	91	235
TF8638_Rspe_CMX	229	93	236
TF8639_Rspe_CMX	230	94	237
TF8641_Rspe_CMX	231	96	238
TF8642_Rspe_CMX	232	97	239
TF8643_Rspe_CMX	233	98	240
TF8645_Rspe_CMX	234	100	241
TF8646_Rspe_CMX	235	101	242
V2747_PAC	236	205	243
TF8640_Rspe_CMX	242	95	244
V2749_PAC	244	206	245